0 3334438912
1 3335741440
2 3329196032
3 3327180800
4 3327942656
5 3329306624
6 3328745472
7 3327393792
8 3330318336
9 3330252800
10 3330588672
11 3328729088
12 3329003520
13 3328299008
14 3328856064
15 3328102400
16 3329228800
17 3328978944
18 8379252736
19 4322611200
20 4293861376
21 4237393920
22 4170764288
23 4099112960
24 4087013376
25 4081135616
26 3934158848
27 3893137408
28 3883081728
29 3888185344
30 3891904512
31 3901992960
32 3883851776
33 3876986880
34 3869798400
35 3861622784
36 3850559488
37 3843788800
38 3838164992
39 3765145600
40 3757309952
41 3757473792
42 3754397696
43 3736416256
44 3738779648
45 3715522560
46 3715338240
47 3710369792
48 3739004928
49 3740647424
50 3743490048
51 3727962112
52 3746664448
53 3719147520
54 3715694592
55 3709341696
56 3723124736
57 3715399680
58 3710636032
59 3730059264
60 3726749696
61 3724730368
62 3722153984
63 3740782592
64 3738841088
65 3733839872
66 3751219200
67 3742248960
68 3729477632
69 3748028416
70 3744571392
71 3741294592
72 3737210880
73 3754831872
74 3746942976
75 3740651520
76 3759415296
77 3758313472
78 3753934848
79 3773710336
80 3769069568
81 3765661696
82 3759083520
83 3773001728
84 3769888768
85 3766816768
86 3780894720
87 3774803968
88 3769495552
89 3780931584
90 3776569344
91 3750416384
92 3768340480
93 3766120448
94 3765940224
95 3783323648
96 3781251072
97 3775528960
98 3786698752
99 3771936768
100 3774132224
101 3796025344
102 3793006592
103 3791429632
104 3806695424
105 3805945856
106 3804975104
107 3817865216
108 3817570304
109 3815956480
110 3830099968
111 3829301248
112 3843981312
113 3842437120
114 3840262144
115 3851042816
116 3847909376
117 3846348800
118 3859845120
119 3858296832
120 3847073792
121 3776774144
122 3707736064
123 3705319424
124 3709886464
125 3701022720
126 3634573312
127 3577053184
128 3514335232
129 3557220352
130 3580329984
131 3568885760
132 3576598528
133 3575377920
134 3572170752
135 3557486592
136 3487260672
137 3490230272
138 3487944704
139 3481870336
140 3470123008
141 3474636800
142 3458519040
143 3444940800
144 3451392000
145 3444199424
146 3442409472
147 3445837824
148 3444310016
149 3443982336
150 3340902400
151 3339382784
152 3337625600
153 3341930496
154 3336142848
155 3337383936
156 3336794112
157 3321376768
158 3315687424
159 3311951872
160 3312435200
161 3313025024
162 3321888768
163 3318771712
164 3301548032
165 3298656256
166 3291901952
167 3258261504
168 3252867072
169 3251007488
170 3249995776
171 3247898624
172 3248201728
173 3243708416
174 3243474944
175 3232280576
176 3227869184
177 3228360704
178 3217915904
179 3223904256
180 3223732224
181 3190349824
182 3191005184
183 3190935552
184 3190214656
185 3189391360
186 3189805056
