0 5259689984
1 5258387456
2 5264932864
3 5266948096
4 5266186240
5 5264822272
6 5265383424
7 5266735104
8 5263810560
9 5263876096
10 5263540224
11 5265399808
12 5265125376
13 5265829888
14 5265272832
15 5266026496
16 5264900096
17 5265149952
18 214876160
19 4271517696
20 4300267520
21 4356734976
22 4423364608
23 4495015936
24 4507115520
25 4512993280
26 4659970048
27 4700991488
28 4711047168
29 4705943552
30 4702224384
31 4692135936
32 4710277120
33 4717142016
34 4724330496
35 4732506112
36 4743569408
37 4750340096
38 4755963904
39 4828983296
40 4836818944
41 4836655104
42 4839731200
43 4857712640
44 4855349248
45 4878606336
46 4878790656
47 4883759104
48 4855123968
49 4853481472
50 4850638848
51 4866166784
52 4847464448
53 4874981376
54 4878434304
55 4884787200
56 4871004160
57 4878729216
58 4883492864
59 4864069632
60 4867379200
61 4869398528
62 4871974912
63 4853346304
64 4855287808
65 4860289024
66 4842909696
67 4851879936
68 4864651264
69 4846100480
70 4849557504
71 4852834304
72 4856918016
73 4839297024
74 4847185920
75 4853477376
76 4834713600
77 4835815424
78 4840194048
79 4820418560
80 4825059328
81 4828467200
82 4835045376
83 4821127168
84 4824240128
85 4827312128
86 4813234176
87 4819324928
88 4824633344
89 4813197312
90 4817559552
91 4843712512
92 4825788416
93 4828008448
94 4828188672
95 4810805248
96 4812877824
97 4818599936
98 4807430144
99 4822192128
100 4819996672
101 4798103552
102 4801122304
103 4802699264
104 4787433472
105 4788183040
106 4789153792
107 4776263680
108 4776558592
109 4778172416
110 4764028928
111 4764827648
112 4750147584
113 4751691776
114 4753866752
115 4743086080
116 4746219520
117 4747780096
118 4734283776
119 4735832064
120 4747055104
121 4817354752
122 4886392832
123 4888809472
124 4884242432
125 4893106176
126 4959555584
127 5017075712
128 5079793664
129 5036908544
130 5013798912
131 5025243136
132 5017530368
133 5018750976
134 5021958144
135 5036642304
136 5106868224
137 5103898624
138 5106184192
139 5112258560
140 5124005888
141 5119492096
142 5135609856
143 5149188096
144 5142736896
145 5149929472
146 5151719424
147 5148291072
148 5149818880
149 5150146560
150 5253226496
151 5254746112
152 5256503296
153 5252198400
154 5257986048
155 5256744960
156 5257334784
157 5272752128
158 5278441472
159 5282177024
160 5281693696
161 5281103872
162 5272240128
163 5275357184
164 5292580864
165 5295472640
166 5302226944
167 5335867392
168 5341261824
169 5343121408
170 5344133120
171 5346230272
172 5345927168
173 5350420480
174 5350653952
175 5361848320
176 5366259712
177 5365768192
178 5376212992
179 5370224640
180 5370396672
181 5403779072
182 5403123712
183 5403193344
184 5403914240
185 5404737536
186 5404323840
187 5408485376
188 5410828288
189 5404512256
190 5405388800
191 5406801920
192 5406031872
193 5406470144
194 5406498816
195 5410594816
196 5410336768
197 5394890752
198 5393190912
199 5408702464
200 5407858688
201 5418369024
202 5419642880
203 5420982272
204 5419692032
205 5416579072
206 5417701376
207 5420294144
208 5427269632
209 5429362688
210 5420376064
211 5413691392
212 5412802560
213 5413908480
214 5416833024
215 5420392448
216 5419962368
217 5446586368
218 5445177344
219 5445087232
220 5454086144 4.4
221 5455683584 4.3
222 5456584704 4.3
223 5457444864 4.0
224 5457600512 2.8
225 3135287296 4.1
226 5459623936 6.0
227 5460824064 6.1
228 5459660800 6.4
229 5460328448 6.0
230 5460865024 6.8
231 5461774336 6.6
232 5459501056 6.1
