0 7223386112 9.8
1 7223996416 8.9
2 7224270848 8.8
3 7224565760 9.3
4 7220883456 9.3
5 7220318208 8.5
6 7220367360 10.0
7 7220772864 8.6
8 7221108736 10.1
9 7221743616 9.5
10 7220195328 8.9
11 7221551104 9.3
12 7222345728 8.8
13 7224123392 8.7
14 7223541760 8.9
15 7225200640 9.2
16 7225581568 8.7
17 7225860096 8.8
19 7641370624 12.4
20 7722905600 11.7
21 7733342208 9.5
22 7724351488 9.3
23 7704227840 9.3
24 7689699328 9.9
25 7668457472 9.3
26 7645667328 11.0
27 7745818624 9.4
28 7755444224 9.1
29 7762182144 9.3
30 7717531648 10.0
31 7694876672 9.1
32 7670198272 9.7
33 7602307072 9.1
34 7574646784 10.0
35 7568543744 9.7
36 7565631488 9.6
37 7577481216 9.7
38 7588777984 9.4
39 7585992704 9.7
40 7599026176 9.4
41 7610802176 9.6
42 7609319424 9.5
43 7621099520 9.2
44 7624830976 9.6
45 7610351616 9.2
46 7613448192 9.6
47 7613456384 9.5
48 7600852992 9.3
49 7601614848 9.4
50 7603658752 9.1
51 7594471424 8.9
52 7594532864 9.6
53 7595982848 9.7
54 7574777856 9.0
55 7576674304 9.2
56 7580205056 10.2
57 7564853248 9.1
58 7567659008 9.1
59 7572439040 9.2
60 7549845504 9.2
61 7553048576 9.3
62 7546859520 9.4
63 7537238016 9.4
64 7539064832 9.4
65 7554654208 9.6
66 7559008256 9.9
67 7536242688 9.2
68 7531393024 9.2
69 7533928448 9.4
70 7537475584 9.9
71 7520346112 9.6
72 7525007360 10.2
73 7521411072 9.2
74 7510405120 9.2
75 7513575424 9.2
76 7494656000 9.4
77 7499108352 9.2
78 7502585856 9.2
79 7499481088 9.2
80 7503089664 9.3
81 7465877504 9.4
82 7466483712 9.5
83 7466225664 9.8
84 7459102720 9.3
85 7444533248 9.3
86 7435776000 9.3
87 7424118784 9.6
88 7424544768 9.0
89 7415619584 9.5
90 7464370176 9.7
91 7456268288 9.0
92 7457292288 9.3
93 7459241984 9.1
94 7458603008 9.6
95 7460814848 9.1
96 7455215616 9.2
97 7455031296 9.0
98 7447085056 9.0
99 7439147008 9.1
100 7426793472 9.0
101 7419633664 9.0
102 7420571648 8.9
103 7401902080 9.1
104 7403720704 9.1
105 7396413440 9.0
106 7383965696 9.0
107 7371071488 9.1
108 7364870144 9.0
109 7366512640 9.3
110 7366942720 9.4
111 7351730176 9.3
112 7353270272 10.3
113 7343099904 9.7
114 7344189440 10.0
115 7344115712 9.3
116 7326162944 9.2
117 7327125504 9.2
118 7327436800 9.1
119 7410360320 9.2
120 7396392960 9.2
121 7396499456 9.0
122 7397322752 9.1
123 7396761600 9.4
124 7378771968 9.2
125 7380271104 9.0
126 7380938752 9.0
127 7383592960 9.3
128 7363592192 9.7
129 7363715072 9.7
130 7364149248 9.1
131 7365992448 9.2
132 7347634176 9.0
133 7348396032 9.6
134 7347613696 9.3
135 7348084736 9.0
136 7328710656 9.3
137 7324819456 9.7
138 7324897280 9.0
139 7325282304 9.2
140 7305297920 9.3
141 7306067968 9.1
142 7305740288 9.1
143 7297007616 9.3
144 7277768704 9.2
145 7278100480 9.0
146 7278936064 9.0
147 7279611904 9.1
148 7247286272 9.1
149 7247462400 9.5
150 7247605760 9.0
151 7230844928 9.2
152 7231086592 9.1
153 7231471616 9.5
154 7218143232 9.3
155 7196282880 9.1
156 7195615232 9.0
157 7196151808 9.1
158 7196336128 10.2
159 7179091968 9.1
160 7165333504 9.3
161 7166910464 9.3
162 7168634880 9.8
163 7159971840 9.0
164 7160107008 8.6
165 7143718912 9.9
166 7128195072 9.4
167 7129333760 9.5
168 7129280512 9.6
169 7129939968 8.7
170 7114665984 8.9
171 7098056704 8.7
172 7098605568 9.4
173 7084838912 9.4
174 7084879872 8.8
175 7085113344 9.6
176 7067852800 9.5
177 7052500992 9.3
178 7053324288 8.8
179 7053135872 9.5
180 7053373440 9.1
181 7022649344 8.6
182 7023382528 8.2
183 7024279552 9.9
184 7011753984 8.5
185 7013359616 8.3
186 7013523456 8.5
187 6981545984 8.4
188 6982115328 8.7
189 6982631424 9.1
190 6983053312 8.6
191 6978912256 8.9
192 6962237440 8.8
193 6960553984 8.6
194 6960652288 8.5
195 6959656960 8.9
196 6961467392 8.9
197 6944919552 8.8
198 6945603584 8.7
199 6946652160 8.8
200 6947168256 9.1
201 6947753984 8.5
202 6931349504 8.4
203 6932099072 8.6
204 6932922368 9.2
205 6932955136 9.0
206 6932033536 10.1
207 6919446528 8.8
208 6927630336 8.6
209 6935261184 8.7
210 6942093312 8.6
211 6949257216 8.9
212 6936449024 9.6
213 7165571072 16.9
214 7218647040 9.4
215 7218688000 8.8
216 7231672320 9.5
217 7233187840 9.5
218 7223271424 8.9
219 7234113536 9.2
220 7232540672 9.1
221 7233253376 9.0
222 7225675776 9.0
223 7215415296 9.9
224 7216025600 8.9
225 7213797376 8.9
226 7210864640 8.5
227 7191957504 8.5
228 7192342528 8.7
229 7193088000 9.4
230 7193456640 8.8
231 7179808768 8.7
232 7180570624 8.8
233 7179980800 9.1
234 7179632640 8.6
235 7169249280 8.8
236 7167033344 8.8
237 7167602688 8.7
238 7166828544 8.5
239 7157424128 8.7
240 7153979392 8.8
241 7153496064 9.4
242 7153688576 9.6
243 7143124992 8.9
244 7146225664 9.3
245 7146987520 9.1
246 7147040768 9.0
247 7148142592 8.9
248 7149228032 8.8
249 7153463296 8.7
250 7166271488 8.6
251 7168884736 9.3
252 7190794240 9.3
253 7193047040 8.9
254 7184326656 9.0
255 7210405888 9.3
256 7252987904 9.2
257 7251714048 9.1
258 7239258112 9.1
259 7240728576 9.2
260 7235788800 9.1
261 7225565184 9.6
262 7226347520 8.9
263 7219392512 8.9
264 7218991104 9.4
265 7200968704 10.2
266 7201439744 9.2
267 7203213312 8.9
268 7192469504 8.8
269 7207301120 8.8
270 7199182848 8.9
271 7200059392 9.6
272 7206559744 9.7
273 7206244352 9.8
274 7232180224 9.8
275 7257980928 9.1
276 7263768576 10.5
277 7263633408 9.4
278 7261528064 9.2
279 7264399360 9.5
280 7267667968 9.4
281 7268642816 9.7
282 7267102720 9.5
283 7287480320 10.2
284 7287787520 9.3
285 7286923264 9.5
286 7284457472 9.6
287 7288688640 8.8
